25.00
25.00
25.00
25.00
2.53
-1440.76
4.21
-1434.02
5.88
-1423.93
7.54
-1410.51
9.18
-1393.79
10.80
-1373.82
12.39
-1350.63
13.95
-1324.29
15.48
-1294.85
16.98
-1262.39
18.43
-1226.98
19.85
-1188.70
21.21
-1147.64
22.53
-1103.90
23.79
-1057.58
25.00
-1008.79
26.15
-957.63
27.24
-904.25
28.26
-848.74
29.22
-791.25
30.11
-731.92
30.93
-670.87
31.68
-608.25
32.36
-544.21
32.96
-478.90
33.48
-412.46
33.92
-345.06
34.29
-276.86
34.57
-208.00
34.77
-138.66
34.90
-68.99
34.94
0.84
34.90
70.68
34.77
140.35
34.57
209.69
34.29
278.54
33.92
346.75
33.48
414.15
32.96
480.58
32.36
545.90
31.68
609.94
30.93
672.56
30.11
733.61
29.22
792.94
28.26
850.43
27.24
905.93
26.15
959.32
25.00
1010.47
23.79
1059.27
22.53
1105.59
21.21
1149.33
19.85
1190.39
18.43
1228.67
16.98
1264.08
15.48
1296.54
13.95
1325.98
12.39
1352.32
10.80
1375.50
9.18
1395.48
7.54
1412.19
5.88
1425.62
25.00
25.00
25.00
25.00
25.00
25.00
