
7.971689
7.971689
7.950977
7.950977
7.916437
7.916437
7.871778
7.871778
7.817156
7.817156
7.752917
7.752917
7.678846
7.678846
7.596519
7.596519
7.505247
7.505247
7.407879
7.407879
7.302292
7.302292
7.191483
7.191483
7.074543
7.074543
6.952909
6.952909
6.825961
6.825961
6.694422
6.694422
6.558703
6.558703
6.418846
6.418846
6.273605
6.273605
6.124199
6.124199
5.969363
5.969363
5.808191
5.808191
5.640314
5.640314
5.464397
5.464397
5.279973
5.279973
5.084999
5.084999
4.878252
4.878252
4.658207
4.658207
4.423149
4.423149
4.171619
4.171619
3.901237
3.901237
3.610319
3.610319
3.296872
3.296872
2.958765
2.958765
2.594048
2.594048
2.200515
2.200515
1.775860
1.775860
1.318192
1.318192
0.824720
0.824720
0.293420
0.293420
0.279765
0.279765
0.896130
0.896130
1.560347
1.560347
2.275979
2.275979
3.047546
3.047546
3.881965
3.881965
4.785242
4.785242
5.767145
5.767145
6.839653
6.839653
8.017043
8.017043
9.320087
9.320087
10.773073
10.773073
12.412427
12.412427
14.283028
14.283028
16.450735
16.450735
19.002689
19.002689
22.064671
22.064671
25.814995
25.814995
-14.931420
-14.931420
-0.000000
-0.000000
-14.931420
-14.931420
-0.000000
-0.000000
-14.931420
-14.931420
-0.000000
-0.000000
-14.931420
-14.931420
-0.000000
-0.000000
-14.931420
-14.931420
-0.000000
-0.000000
-7.971689
-7.971689
-7.950977
-7.950977
-7.916437
-7.916437
-7.871778
-7.871778
-7.817156
-7.817156
-7.752917
-7.752917
-7.678846
-7.678846
-7.596519
-7.596519
-7.505247
-7.505247
-7.407879
-7.407879
-7.302292
-7.302292
-7.191483
-7.191483
-7.074543
-7.074543
-6.952909
-6.952909
-6.825961
-6.825961
-6.694422
-6.694422
-6.558703
-6.558703
-6.418846
-6.418846
-6.273605
-6.273605
-6.124199
-6.124199
-5.969363
-5.969363
-5.808191
-5.808191
-5.640314
-5.640314
-5.464397
-5.464397
-5.279973
-5.279973
-5.084999
-5.084999
-4.878252
-4.878252
-4.658207
-4.658207
-4.423149
-4.423149
-4.171619
-4.171619
-3.901237
-3.901237
-3.610319
-3.610319
-3.296872
-3.296872
-2.958765
-2.958765
-2.594048
-2.594048
-2.200515
-2.200515
-1.775860
-1.775860
-1.318192
-1.318192
-0.824720
-0.824720
-0.293420
-0.293420
-0.279765
-0.279765
-0.896130
-0.896130
-1.560347
-1.560347
-2.275979
-2.275979
-3.047546
-3.047546
-3.881965
-3.881965
-4.785242
-4.785242
-5.767145
-5.767145
-6.839653
-6.839653
-8.017043
-8.017043
-9.320087
-9.320087
-10.773073
-10.773073
-12.412427
-12.412427
-14.283028
-14.283028
-16.450735
-16.450735
-19.002689
-19.002689
-22.064671
-22.064671
-25.814995
-25.814995
-30.509066
-30.509066
-36.507854
-36.507854
-44.297031
-44.297031
-11.309946
-11.309946
-11.309946
-11.309946
-11.309946
-11.309946
-7.971689
-7.971689
-7.950977
-7.950977
-7.916437
-7.916437
-7.871778
-7.871778
-7.817156
-7.817156
-7.752917
-7.752917
-7.678846
-7.678846
-7.596519
-7.596519
-7.505247
-7.505247
-7.407879
-7.407879
-7.302292
-7.302292
-7.191483
-7.191483
-7.074543
-7.074543
-6.952909
-6.952909
-6.825961
-6.825961
-6.694422
-6.694422
-6.558703
-6.558703
-6.418846
-6.418846
-6.273605
-6.273605
-6.124199
-6.124199
-5.969363
-5.969363
-5.808191
-5.808191
-5.640314
-5.640314
-5.464397
-5.464397
-5.279973
-5.279973
-5.084999
-5.084999
-4.878252
-4.878252
-4.658207
-4.658207
-4.423149
-4.423149
-4.171619
-4.171619
-3.901237
-3.901237
-3.610319
-3.610319
-3.296872
-3.296872
-2.958765
-2.958765
-2.594048
-2.594048
-2.200515
-2.200515
-1.775860
-1.775860
-1.318192
-1.318192
-0.824720
-0.824720
-0.293420
-0.293420
-0.279765
-0.279765
-0.896130
-0.896130
-1.560347
-1.560347
-2.275979
-2.275979
-3.047546
-3.047546
-3.881965
-3.881965
-4.785242
-4.785242
-5.767145
-5.767145
-6.839653
-6.839653
-8.017043
-8.017043
-9.320087
-9.320087
-10.773073
-10.773073
-12.412427
-12.412427
-14.283028
-14.283028
-16.450735
-16.450735
-19.002689
-19.002689
-22.064671
-22.064671
-25.814995
-25.814995
